ITERANTE N° 0
Step : Single node deletion
ITERANTE N° 1
Step : Single node deletion
ITERANTE N° 2
Step : Single node deletion
ITERANTE N° 3
Step : Single node deletion
ITERANTE N° 4
Step : Single node deletion
ITERANTE N° 5
Step : Single node deletion
ITERANTE N° 6
Step : Single node deletion
ITERANTE N° 7
Step : Single node deletion
ITERANTE N° 8
Step : Single node deletion
ITERANTE N° 9
Step : Single node deletion
Time taken to generated 5 biclusters : 10.525538682937622
Bicluster 0
[   4    6    7    8   10   16   18   21   23   25   26   29   33   35
   36   37   39   40   42   43   45   47   50   52   54   55   61   62
   65   80   81   84   85   86   90   91   92   93   95   96   97   99
  100  105  108  109  110  111  113  120  121  122  123  125  128  132
  133  138  139  140  142  143  146  148  150  151  154  156  160  165
  171  172  174  175  177  178  180  193  194  204  205  206  207  208
  209  212  217  220  221  224  228  230  231  233  234  239  241  244
  246  249  250  251  256  257  261  263  265  268  269  270  278  279
  284  285  286  288  290  293  296  298  302  310  312  313  314  315
  319  320  324  328  330  331  339  341  345  348  356  357  358  359
  365  368  369  370  371  374  380  381  385  389  393  394  398  404
  405  410  414  418  419  421  422  428  429  430  431  435  446  448
  449  450  454  455  462  465  468  469  470  471  473  476  477  481
  482  485  486  487  489  492  495  496  498  506  513  514  515  516
  519  520  526  527  530  534  537  543  545  546  550  558  559  562
  563  566  569  572  573  580  584  589  590  593  598  600  601  603
  605  606  607  608  609  611  613  614  616  617  618  620  621  625
  627  628  629  630  633  636  637  638  642  643  644  647  651  652
  653  655  656  657  659  661  662  664  666  669  671  672  673  675
  677  679  680  682  691  692  693  694  695  699  704  705  707  710
  711  713  715  718  723  725  726  727  728  729  733  734  735  737
  739  740  741  744  745  751  752  753  754  757  758  759  761  762
  764  769  771  772  773  775  776  777  779  780  786  789  792  794
  799  800  801  803  804  805  808  809  810  811  812  813  814  818
  821  825  826  830  831  834  835  839  840  841  844  848  869  872
  883  890  892  893  896  897  900  904  909  910  911  914  916  917
  918  925  929  932  934  936  939  947  952  954  956  959  962  964
  967  968  970  973  974  978  986  988  990  999 1000 1003 1005 1006
 1008 1009 1010 1012 1017 1018 1024 1025 1028 1029 1030 1032 1035 1039
 1042 1043 1047 1055 1060 1061 1077 1083 1087 1088 1092 1095 1097 1101
 1102 1108 1112 1120 1131 1134 1136 1138 1140 1145 1148 1155 1156 1159
 1163 1164 1165 1168 1171 1172 1186 1187 1189 1191 1197 1199 1201 1202
 1211 1219 1224 1230 1233 1235 1239 1240 1241 1243 1252 1256 1258 1261
 1263 1273 1289 1294 1298 1299 1300 1301 1306 1310 1320 1322 1323 1325
 1326 1332 1339 1345 1348 1357 1365 1369 1383 1385 1395 1406 1412 1413
 1414 1422 1424 1432 1433 1435 1444 1452 1453 1455 1459 1460 1461 1464
 1469 1472 1485 1486 1487 1490 1497 1501 1504 1505 1508 1519 1520 1522
 1523 1524 1526 1529 1530 1534 1536 1538 1539 1546 1550 1552 1553 1558
 1573 1576 1577 1583 1588 1591 1597 1598 1599 1603 1606 1623 1626 1635
 1641 1642 1647 1648 1650 1653 1657 1659 1664 1671 1673 1678 1680 1685
 1690 1691 1699 1700 1702 1707 1709 1712 1715 1717 1721 1722 1726 1729
 1732 1733 1734 1737 1748 1749 1750 1752 1755 1761 1766 1767 1772 1775
 1776 1778 1784 1786 1790 1791 1795 1800 1801 1812 1813 1817 1819 1822
 1827 1831 1832 1833 1838 1841 1842 1846 1849 1852 1858 1860 1862 1868
 1869 1878 1879 1880 1881 1887 1888 1892 1894 1895 1896 1899 1902 1906
 1910 1911 1914 1915 1918 1919 1922 1926 1927 1929 1937 1940 1942 1943
 1944 1945 1946 1950 1951 1954 1955 1956 1957 1961 1963 1967 1971 1972
 1973 1976 1977 1982 1985 1986 1989 1990 1996   22   44  158  271  304
  338  443  528  594  867  880 1115 1124 1758 1764 1844 1857  837]
[ 3  5  6  8 10 11 12 13 14 16]
Bicluster 1
[   6    7   10   14   16   18   21   22   25   26   29   35   36   37
   39   40   42   43   44   45   47   50   52   54   61   62   65   66
   71   80   84   85   86   90   91   92   93   95   96   97   99  100
  105  109  110  111  113  120  121  122  123  125  128  132  133  138
  139  140  142  143  146  147  148  150  151  154  156  158  160  165
  171  172  174  175  177  178  180  193  194  198  204  205  206  207
  208  209  212  214  217  220  221  224  228  229  230  231  233  234
  239  240  241  244  245  246  249  250  251  255  256  257  261  263
  265  267  268  269  270  278  279  283  285  286  290  293  296  297
  298  301  302  303  304  310  312  313  314  315  319  320  321  324
  328  330  331  336  339  341  345  348  356  357  358  359  365  368
  369  370  371  374  380  381  384  385  389  393  394  398  404  405
  410  414  418  419  421  422  428  429  430  431  435  443  445  446
  448  449  450  454  455  462  465  468  469  470  471  473  476  481
  482  485  486  487  489  492  495  496  498  506  513  514  515  516
  519  520  526  527  528  530  534  537  543  545  546  550  552  558
  559  560  562  563  566  567  569  572  573  580  584  589  590  593
  598  600  601  603  605  606  607  608  609  611  613  614  616  617
  618  619  620  621  625  627  628  629  630  633  636  637  638  642
  643  644  647  648  651  652  653  655  656  657  659  661  662  664
  666  669  671  672  673  675  677  679  680  682  691  692  693  694
  695  699  703  704  705  707  710  711  713  715  718  723  725  726
  727  728  729  730  733  734  735  737  739  740  741  743  744  745
  751  752  753  754  757  758  759  761  762  764  769  771  772  773
  775  776  777  779  780  786  789  792  793  794  799  800  801  803
  805  808  809  810  811  812  813  814  815  818  821  825  826  830
  831  834  835  837  839  840  841  843  844  848  869  872  883  890
  892  893  896  897  900  904  909  910  911  914  916  917  918  925
  929  932  934  936  939  947  952  954  956  959  962  963  964  967
  968  970  973  974  978  986  988  990 1000 1003 1005 1006 1008 1009
 1012 1017 1018 1023 1024 1025 1028 1029 1030 1032 1035 1039 1042 1043
 1047 1055 1060 1061 1077 1083 1087 1088 1092 1095 1097 1101 1102 1108
 1112 1120 1131 1136 1138 1140 1145 1148 1155 1156 1159 1163 1164 1165
 1168 1171 1172 1186 1187 1189 1191 1197 1199 1201 1202 1211 1219 1224
 1230 1233 1235 1239 1240 1241 1243 1252 1256 1258 1261 1263 1273 1289
 1290 1294 1298 1299 1300 1301 1306 1310 1322 1323 1325 1326 1332 1339
 1345 1348 1357 1365 1369 1380 1383 1385 1398 1406 1412 1413 1414 1422
 1424 1432 1433 1435 1443 1452 1453 1455 1459 1460 1461 1469 1472 1485
 1486 1487 1490 1497 1501 1504 1505 1519 1520 1522 1523 1526 1527 1529
 1530 1534 1536 1538 1539 1546 1550 1552 1553 1558 1564 1573 1576 1577
 1583 1588 1591 1596 1597 1598 1599 1603 1606 1623 1626 1635 1639 1641
 1642 1647 1648 1650 1653 1657 1659 1664 1671 1673 1678 1680 1685 1689
 1690 1691 1699 1700 1702 1707 1709 1712 1715 1717 1721 1722 1726 1729
 1732 1733 1734 1737 1744 1748 1749 1750 1752 1755 1756 1761 1764 1766
 1767 1772 1775 1776 1778 1779 1784 1786 1790 1791 1795 1801 1812 1813
 1817 1819 1822 1826 1827 1828 1829 1831 1832 1833 1837 1838 1841 1842
 1844 1846 1849 1852 1858 1860 1862 1868 1869 1870 1878 1879 1880 1881
 1887 1888 1892 1894 1895 1896 1899 1902 1906 1910 1911 1914 1915 1918
 1919 1921 1922 1926 1937 1940 1942 1943 1944 1945 1946 1950 1951 1954
 1955 1956 1957 1961 1963 1967 1971 1972 1973 1976 1977 1981 1982 1985
 1986 1989 1990 1996   55 1115 1124 1758]
[ 3  5  6  7  8 10 11 12 13 14 16]
Bicluster 2
[   7   14   16   21   22   25   26   29   35   36   37   39   40   42
   44   45   47   50   52   54   61   62   65   66   71   80   84   85
   86   90   91   92   93   95   96   97   99  105  109  110  111  113
  120  121  122  123  125  128  132  133  138  139  140  142  143  146
  147  148  150  151  154  156  158  159  160  165  171  174  175  177
  178  180  193  194  198  204  205  206  207  208  212  214  217  220
  221  224  228  229  230  231  233  234  239  240  241  244  245  246
  249  250  251  255  256  257  261  263  265  267  268  269  270  275
  278  279  283  285  286  290  293  296  297  298  301  302  303  304
  310  312  313  314  315  319  320  321  324  328  330  331  336  339
  341  345  348  356  357  358  359  365  368  369  370  371  374  380
  381  384  385  389  393  394  398  404  405  410  414  418  419  421
  422  428  429  430  431  435  443  445  446  448  449  450  454  455
  462  465  468  469  470  471  473  476  477  481  482  485  486  487
  489  492  495  496  498  506  513  514  515  516  519  520  526  527
  528  530  534  537  543  545  546  550  552  558  559  560  562  563
  566  567  569  572  573  580  583  584  589  590  593  598  600  601
  603  605  606  607  608  609  611  613  614  616  617  618  619  620
  621  625  627  628  629  630  633  636  637  638  642  643  644  647
  648  651  652  653  655  656  657  659  660  661  662  664  666  669
  671  672  673  675  677  679  680  682  685  691  692  693  694  695
  696  699  702  703  704  705  707  710  711  713  715  718  723  725
  726  727  728  729  730  733  734  735  737  739  740  741  743  744
  745  751  752  753  754  757  758  759  761  762  764  769  771  772
  773  775  776  777  779  780  786  789  792  793  794  799  800  801
  803  805  808  809  810  811  812  813  814  815  818  821  825  826
  830  831  834  835  837  839  840  841  843  844  848  867  869  872
  876  883  890  892  893  896  897  900  904  909  910  911  914  916
  917  918  925  929  932  934  936  939  947  952  954  956  959  962
  963  964  967  968  970  973  974  978  986  988  990 1000 1003 1005
 1006 1008 1009 1012 1017 1018 1023 1024 1025 1028 1029 1030 1032 1035
 1039 1042 1043 1047 1055 1060 1061 1077 1083 1087 1088 1092 1095 1097
 1101 1102 1108 1112 1120 1131 1134 1136 1138 1140 1145 1148 1155 1156
 1159 1163 1164 1165 1168 1171 1172 1186 1187 1189 1191 1197 1199 1201
 1202 1208 1211 1219 1224 1230 1233 1235 1239 1240 1241 1243 1252 1256
 1258 1261 1263 1273 1289 1290 1294 1298 1299 1300 1301 1306 1310 1322
 1323 1325 1326 1332 1339 1345 1348 1357 1365 1367 1369 1380 1383 1385
 1395 1398 1406 1412 1413 1414 1422 1424 1426 1432 1433 1435 1443 1444
 1452 1453 1455 1459 1460 1461 1469 1472 1485 1486 1487 1490 1497 1501
 1504 1505 1519 1520 1522 1523 1524 1526 1527 1529 1530 1534 1536 1538
 1539 1546 1550 1552 1553 1558 1564 1573 1576 1577 1583 1588 1591 1596
 1597 1598 1599 1603 1606 1609 1623 1626 1635 1639 1641 1642 1647 1648
 1650 1653 1657 1659 1662 1664 1671 1673 1678 1680 1685 1689 1690 1691
 1699 1700 1702 1707 1709 1712 1715 1717 1721 1722 1726 1729 1732 1733
 1734 1737 1744 1748 1749 1750 1752 1755 1756 1761 1764 1766 1767 1772
 1775 1776 1778 1779 1784 1786 1790 1791 1795 1800 1801 1812 1813 1817
 1819 1822 1826 1827 1828 1829 1831 1832 1833 1837 1838 1841 1842 1844
 1846 1849 1852 1858 1860 1862 1865 1868 1869 1870 1878 1879 1880 1881
 1887 1888 1892 1894 1895 1896 1899 1902 1906 1910 1911 1914 1915 1918
 1919 1921 1922 1926 1927 1937 1940 1942 1943 1944 1945 1946 1950 1951
 1954 1955 1956 1957 1961 1963 1967 1971 1972 1973 1976 1977 1981 1982
 1985 1986 1989 1990 1996   55  271  338  594  880 1115 1124 1758 1857]
[ 3  5  6  8 10 11 12 13 14 16]
Bicluster 3
[   7   15   16   21   22   25   26   31   35   36   37   39   40   42
   45   50   52   54   61   62   65   66   71   80   84   85   86   90
   91   92   93   95   96   97   99  105  109  110  111  113  116  117
  120  121  122  123  125  126  128  132  133  138  139  140  142  143
  146  148  150  151  154  156  159  160  165  168  171  174  175  177
  178  180  187  191  193  194  198  204  205  207  208  212  214  217
  220  221  224  228  230  231  233  234  239  241  244  245  246  249
  250  255  256  257  261  265  267  268  269  270  278  279  284  285
  286  288  290  293  294  296  298  301  302  303  310  312  313  314
  315  319  320  328  330  331  336  339  341  345  348  349  356  357
  358  359  365  368  369  370  371  374  378  380  381  385  389  393
  394  396  398  404  405  410  414  418  419  421  422  428  429  430
  431  435  445  446  448  449  450  454  455  462  463  465  468  469
  470  471  473  475  476  477  481  482  485  486  487  492  495  496
  497  498  506  513  514  515  516  519  520  524  526  527  530  534
  537  543  544  545  546  548  550  552  558  559  560  562  563  564
  566  567  569  570  572  573  575  580  583  584  589  590  593  598
  599  600  601  603  605  606  607  608  609  611  613  614  616  617
  618  619  620  621  625  627  628  629  630  633  636  637  638  642
  643  644  647  648  651  652  653  655  656  657  659  661  662  664
  666  669  671  672  673  674  675  677  679  680  682  685  690  691
  692  693  694  695  696  699  702  703  704  705  707  710  711  713
  715  718  723  725  726  727  728  729  730  731  733  734  735  737
  739  740  741  743  744  745  751  752  753  754  757  758  759  761
  762  763  764  769  771  772  773  775  776  777  779  780  786  789
  792  794  799  800  801  803  804  805  808  809  810  811  812  813
  814  817  818  821  825  826  830  831  834  835  837  839  840  841
  843  844  848  869  872  875  876  883  890  892  893  896  897  900
  904  909  910  911  914  915  916  917  918  925  926  929  932  934
  936  939  947  952  954  956  959  962  964  967  968  970  973  974
  977  978  986  988  990  999 1000 1003 1005 1006 1008 1009 1010 1012
 1017 1018 1024 1025 1028 1029 1030 1032 1035 1039 1042 1043 1047 1049
 1055 1060 1061 1069 1071 1077 1083 1087 1088 1092 1093 1095 1097 1101
 1102 1108 1112 1120 1122 1123 1131 1134 1136 1138 1140 1145 1148 1155
 1156 1159 1163 1164 1165 1168 1171 1172 1186 1187 1189 1191 1197 1199
 1201 1202 1206 1208 1211 1219 1224 1230 1233 1235 1239 1240 1241 1243
 1252 1256 1258 1261 1263 1273 1277 1289 1294 1298 1299 1300 1301 1306
 1310 1320 1322 1323 1325 1326 1332 1336 1339 1345 1348 1357 1365 1367
 1369 1380 1383 1385 1395 1398 1406 1412 1413 1414 1422 1424 1432 1433
 1435 1437 1443 1444 1452 1453 1455 1459 1460 1461 1469 1472 1485 1486
 1487 1490 1497 1501 1504 1505 1508 1515 1519 1520 1522 1523 1524 1525
 1526 1529 1530 1534 1536 1538 1539 1546 1550 1552 1553 1558 1564 1573
 1576 1577 1583 1588 1591 1593 1596 1597 1598 1599 1603 1606 1609 1618
 1621 1623 1626 1635 1641 1642 1647 1648 1650 1653 1657 1659 1662 1664
 1666 1669 1671 1673 1678 1680 1685 1688 1690 1691 1699 1700 1702 1703
 1707 1709 1712 1715 1717 1721 1722 1726 1729 1732 1733 1734 1737 1744
 1746 1748 1749 1750 1752 1753 1755 1756 1761 1764 1766 1767 1772 1775
 1776 1778 1784 1786 1790 1791 1795 1800 1801 1805 1809 1812 1813 1817
 1819 1822 1827 1828 1829 1831 1832 1833 1837 1838 1841 1842 1844 1846
 1849 1852 1853 1857 1858 1859 1860 1862 1868 1869 1878 1879 1880 1881
 1887 1888 1889 1892 1894 1895 1896 1899 1902 1906 1910 1911 1914 1915
 1918 1919 1922 1926 1927 1929 1937 1940 1942 1943 1944 1945 1946 1948
 1950 1951 1952 1954 1955 1956 1957 1958 1959 1961 1963 1965 1967 1969
 1971 1972 1973 1976 1977 1982 1985 1986 1989 1990 1994 1996 1998   44
   55  158  229  271  272  304  321  338  443  528  594  867  880 1115
 1124 1758 1870]
[ 3  5  6  8 10 11 12 13 14 16]
Bicluster 4
[   7   21   22   25   28   35   36   37   39   40   42   44   45   48
   50   52   54   61   62   65   66   71   80   84   85   86   90   91
   92   93   96   99  105  109  110  111  113  116  120  121  122  123
  125  126  128  132  133  138  139  140  142  143  144  146  147  148
  150  151  154  158  159  160  165  168  171  174  175  177  178  180
  181  183  187  193  194  204  205  208  212  214  217  220  221  222
  224  228  229  230  231  233  234  239  240  241  244  245  246  249
  250  255  256  257  261  265  267  268  269  270  275  278  279  283
  285  286  290  293  296  297  298  301  302  303  304  307  310  312
  313  314  315  318  319  320  321  323  328  330  331  334  336  339
  341  345  348  349  356  357  358  359  365  368  369  370  371  372
  374  378  380  381  384  385  389  393  394  395  398  404  405  410
  414  418  419  421  422  427  428  429  430  431  435  443  446  448
  449  450  454  455  462  465  468  469  470  471  473  476  477  481
  482  485  486  487  492  495  496  497  498  502  506  513  514  515
  516  519  520  522  523  524  526  527  528  530  537  541  543  544
  545  546  550  552  558  559  560  562  563  566  567  569  572  573
  575  577  580  584  589  590  593  598  599  600  601  603  605  606
  607  608  609  611  613  614  616  617  618  619  620  621  625  626
  627  628  629  630  633  636  637  638  642  643  644  647  648  651
  652  653  655  656  657  659  661  662  664  666  669  671  672  673
  674  675  677  679  680  682  691  692  693  694  695  696  699  702
  703  704  705  707  710  711  713  715  718  723  725  726  727  728
  729  730  731  732  733  734  735  737  739  740  741  743  744  745
  751  752  753  754  757  758  759  761  762  764  769  771  772  773
  775  776  777  779  780  786  789  792  793  794  796  797  799  800
  801  803  805  808  809  810  811  812  813  814  815  818  821  825
  826  830  831  834  835  837  839  840  841  843  844  848  868  869
  872  883  885  886  890  892  893  896  897  900  904  909  910  911
  915  916  917  918  919  925  926  929  932  934  936  939  942  947
  948  952  954  956  959  962  963  964  968  970  973  974  977  978
  986  988  990  992  999 1000 1003 1005 1006 1008 1009 1010 1012 1017
 1018 1023 1024 1025 1026 1028 1029 1030 1032 1035 1039 1042 1043 1047
 1055 1060 1061 1062 1071 1077 1083 1086 1087 1088 1092 1093 1095 1097
 1101 1102 1105 1108 1110 1112 1120 1131 1134 1136 1138 1140 1145 1148
 1155 1156 1158 1159 1163 1164 1165 1168 1171 1172 1173 1186 1187 1189
 1191 1196 1197 1199 1200 1201 1202 1211 1218 1219 1224 1230 1233 1235
 1237 1239 1240 1241 1243 1251 1252 1256 1258 1261 1263 1267 1273 1289
 1290 1294 1298 1299 1300 1301 1306 1310 1318 1322 1323 1325 1326 1328
 1332 1336 1339 1345 1348 1357 1365 1369 1378 1380 1383 1385 1398 1406
 1407 1412 1413 1414 1422 1424 1426 1432 1433 1435 1437 1444 1451 1452
 1455 1459 1460 1461 1469 1472 1485 1486 1487 1490 1497 1504 1505 1519
 1520 1522 1523 1524 1525 1526 1527 1529 1530 1534 1536 1538 1539 1546
 1550 1552 1553 1558 1564 1573 1577 1583 1591 1596 1597 1598 1599 1603
 1606 1618 1623 1626 1635 1641 1647 1648 1650 1653 1657 1659 1661 1662
 1664 1671 1673 1678 1680 1685 1690 1691 1699 1700 1702 1703 1707 1709
 1712 1715 1717 1721 1722 1726 1729 1731 1732 1733 1734 1737 1748 1749
 1750 1752 1753 1755 1756 1758 1761 1764 1766 1767 1772 1775 1776 1778
 1779 1784 1786 1790 1791 1795 1801 1812 1813 1817 1819 1822 1825 1826
 1827 1828 1829 1831 1832 1833 1837 1838 1841 1842 1844 1846 1849 1852
 1853 1858 1859 1860 1862 1865 1868 1869 1870 1878 1879 1880 1881 1887
 1888 1892 1894 1895 1896 1899 1902 1906 1910 1914 1915 1918 1919 1922
 1926 1927 1937 1940 1942 1943 1944 1945 1946 1950 1951 1954 1955 1956
 1957 1958 1961 1963 1967 1971 1972 1973 1976 1977 1982 1985 1986 1989
 1990 1991 1994 1996 1998   55   97  106  271  311  338  390  415  717
  860  880  924  975 1091 1115 1124 1143 1857 1884]
[ 5  6  8 10 11 12 13 14 16]
Bicluster 5
[   7   21   25   26   31   35   37   39   40   41   42   45   48   50
   52   54   61   62   65   66   71   80   84   85   86   90   91   92
   93   96   99  105  109  110  111  113  116  117  120  121  122  123
  125  126  128  132  138  139  140  142  143  144  146  148  150  151
  154  156  158  159  160  168  171  174  175  177  178  179  180  181
  183  187  193  194  198  204  205  208  212  214  217  220  221  224
  228  231  233  234  239  240  241  244  245  246  249  250  254  256
  257  261  265  267  268  269  270  278  279  284  285  286  288  290
  293  294  296  297  298  301  302  303  307  310  312  313  314  315
  318  319  320  323  328  330  331  334  339  341  345  348  349  356
  357  358  359  365  368  369  370  371  372  374  378  380  381  385
  389  393  394  395  398  404  405  410  414  418  419  421  422  427
  428  429  430  431  435  443  446  448  449  450  454  455  462  465
  468  469  470  471  473  476  477  481  482  485  486  487  492  495
  496  497  498  502  506  513  514  515  516  519  520  522  523  524
  526  527  530  531  537  543  544  545  546  550  552  558  559  562
  563  566  567  569  570  572  573  575  580  584  589  590  593  598
  599  600  601  603  605  606  607  608  609  611  613  614  616  617
  618  619  620  621  625  626  627  628  629  630  633  636  637  638
  642  643  644  647  651  652  653  655  656  657  659  661  662  664
  666  669  671  672  673  674  675  677  679  680  682  685  691  692
  693  694  695  696  699  702  703  704  705  707  710  711  713  715
  718  723  725  726  727  728  729  730  731  732  733  734  735  737
  739  740  741  743  744  745  747  751  752  753  754  757  758  759
  760  761  762  763  764  769  771  772  773  775  776  777  779  780
  786  789  792  794  796  797  799  800  801  802  803  804  805  808
  809  810  811  812  813  814  815  818  819  821  825  826  830  831
  834  835  837  839  840  841  844  848  869  872  875  876  883  885
  890  892  893  896  897  900  902  904  909  910  911  914  915  916
  917  918  919  925  926  929  932  934  936  938  939  942  947  948
  952  954  956  959  962  964  967  968  970  973  974  977  978  986
  988  990  992  999 1000 1003 1005 1006 1008 1009 1010 1012 1017 1018
 1024 1025 1026 1028 1029 1030 1032 1035 1039 1042 1043 1047 1049 1055
 1060 1061 1062 1069 1071 1077 1083 1086 1087 1088 1092 1093 1095 1097
 1101 1102 1105 1108 1110 1112 1120 1131 1134 1136 1138 1140 1145 1148
 1154 1155 1156 1158 1159 1163 1164 1165 1168 1171 1172 1173 1186 1187
 1189 1191 1196 1197 1199 1200 1201 1202 1206 1208 1211 1218 1219 1224
 1230 1233 1235 1237 1239 1240 1241 1243 1251 1252 1256 1258 1261 1263
 1267 1273 1277 1289 1294 1298 1299 1300 1301 1306 1310 1318 1320 1322
 1323 1325 1326 1328 1331 1332 1336 1339 1345 1348 1357 1365 1369 1378
 1380 1383 1385 1395 1406 1412 1413 1414 1422 1424 1432 1433 1435 1437
 1443 1444 1451 1452 1455 1459 1461 1469 1472 1485 1486 1487 1490 1497
 1504 1505 1508 1519 1520 1522 1523 1524 1525 1526 1527 1529 1530 1536
 1538 1539 1546 1550 1552 1553 1558 1566 1573 1576 1577 1583 1588 1591
 1597 1598 1599 1603 1606 1609 1618 1623 1626 1635 1641 1647 1648 1650
 1653 1654 1657 1659 1661 1662 1664 1666 1669 1671 1673 1678 1680 1685
 1690 1691 1699 1700 1702 1703 1707 1709 1712 1715 1717 1721 1722 1726
 1729 1731 1732 1733 1734 1737 1748 1749 1750 1752 1753 1755 1758 1761
 1766 1767 1772 1775 1776 1778 1784 1786 1790 1791 1795 1800 1801 1812
 1813 1817 1819 1822 1825 1827 1828 1829 1831 1832 1833 1838 1841 1842
 1844 1846 1849 1852 1853 1857 1858 1859 1860 1862 1868 1869 1878 1879
 1880 1881 1884 1887 1888 1889 1892 1894 1895 1896 1899 1902 1906 1910
 1914 1915 1918 1919 1922 1926 1927 1932 1937 1940 1942 1943 1944 1945
 1946 1950 1951 1954 1955 1956 1957 1958 1959 1961 1963 1964 1967 1971
 1972 1973 1976 1977 1985 1986 1989 1990 1991 1994 1996 1998   44   55
  106  133  147  186  229  271  304  311  338  390  415  528  577  681
  717  860  880  924  975 1091 1115 1124 1143 1426]
[ 5  6  8 10 11 12 13 14 16]
Bicluster 6
[  21   22   25   28   35   37   39   40   42   44   45   48   50   52
   54   61   62   65   66   71   73   80   84   85   86   90   91   92
   93   96   99  105  109  110  111  113  116  120  121  122  123  125
  126  128  132  138  139  140  142  143  144  146  147  148  149  150
  151  154  156  158  159  160  168  171  174  175  177  180  181  183
  186  187  193  194  204  205  208  212  214  217  220  221  222  224
  228  229  231  233  234  239  240  241  244  245  246  249  250  254
  255  256  257  261  265  267  268  269  270  275  278  279  283  285
  286  290  293  296  297  298  301  302  303  304  307  310  312  313
  314  315  318  319  320  321  323  328  330  331  334  336  339  341
  345  348  349  356  357  358  359  365  368  369  370  371  372  374
  378  380  381  384  385  389  393  394  395  398  404  405  410  414
  415  418  419  421  422  427  428  429  430  431  435  443  446  448
  449  450  454  455  462  465  468  469  470  471  473  476  477  481
  482  485  486  487  492  495  496  497  498  502  506  513  514  515
  516  519  520  522  523  524  526  527  528  530  531  537  541  543
  544  545  546  550  552  558  559  560  562  563  566  567  569  572
  573  575  577  580  584  589  590  593  594  598  599  600  601  603
  605  606  607  608  609  611  613  614  616  617  618  619  620  621
  625  626  627  628  629  630  633  636  637  638  642  643  644  647
  648  651  652  653  655  656  657  659  661  662  664  666  669  671
  672  673  674  675  677  679  680  682  685  691  692  693  694  695
  696  699  702  703  704  705  707  710  711  713  715  718  723  725
  726  727  728  729  730  731  732  733  734  735  737  739  740  741
  743  744  745  747  751  752  753  754  757  758  759  761  762  763
  764  769  770  771  772  773  775  776  777  779  780  786  789  792
  793  794  796  797  799  800  801  803  805  808  809  810  811  812
  813  814  815  818  821  825  826  830  831  834  835  837  839  840
  841  843  844  848  868  869  870  872  876  883  885  886  888  890
  892  893  896  897  900  904  909  910  911  915  916  917  918  919
  925  926  929  932  934  936  939  942  947  948  952  954  956  959
  962  963  964  967  968  970  973  977  978  986  988  990  992  999
 1000 1003 1005 1006 1008 1009 1010 1012 1017 1018 1023 1024 1025 1026
 1028 1029 1030 1032 1035 1039 1042 1043 1047 1055 1060 1061 1062 1069
 1071 1077 1083 1086 1087 1088 1092 1093 1095 1097 1101 1102 1105 1108
 1110 1112 1120 1131 1134 1136 1138 1140 1145 1148 1154 1155 1156 1158
 1159 1163 1164 1165 1168 1171 1172 1173 1186 1187 1189 1191 1196 1197
 1199 1200 1201 1202 1208 1211 1218 1219 1224 1230 1233 1235 1237 1239
 1240 1241 1243 1251 1252 1256 1258 1261 1263 1267 1273 1277 1289 1290
 1294 1298 1299 1300 1301 1306 1310 1318 1322 1323 1325 1326 1328 1332
 1336 1339 1342 1345 1348 1357 1365 1369 1378 1380 1383 1385 1395 1398
 1400 1406 1407 1412 1413 1414 1422 1424 1426 1432 1433 1435 1437 1444
 1451 1452 1455 1459 1461 1469 1472 1485 1486 1487 1490 1497 1504 1505
 1516 1519 1520 1522 1523 1524 1525 1526 1527 1529 1530 1536 1538 1539
 1546 1552 1553 1558 1564 1573 1577 1583 1588 1591 1597 1598 1599 1603
 1606 1618 1623 1626 1635 1641 1647 1648 1650 1653 1657 1659 1661 1662
 1664 1666 1671 1673 1678 1680 1685 1690 1691 1699 1700 1702 1703 1707
 1709 1712 1715 1717 1721 1722 1726 1729 1731 1732 1733 1734 1737 1748
 1749 1750 1752 1753 1755 1758 1761 1764 1766 1767 1772 1775 1776 1778
 1779 1784 1786 1790 1791 1795 1800 1801 1812 1813 1817 1819 1822 1825
 1826 1827 1828 1829 1831 1832 1833 1838 1841 1842 1844 1846 1849 1852
 1853 1858 1859 1860 1862 1865 1868 1869 1870 1878 1879 1880 1881 1887
 1888 1892 1894 1895 1896 1899 1902 1906 1910 1914 1915 1918 1919 1922
 1926 1927 1937 1940 1942 1943 1944 1945 1946 1950 1951 1954 1955 1956
 1957 1958 1961 1963 1967 1971 1972 1973 1976 1977 1985 1986 1989 1990
 1991 1994 1996 1998   55  106  230  271  311  327  338  390  535  681
  717  860  875  880  914  924  972  975 1091 1115 1124 1143 1221 1605
 1777 1793 1857 1884 1920]
[ 6  8 10 11 12 13 14 16]
Bicluster 7
[  15   21   25   31   35   37   39   40   42   45   48   50   52   54
   61   62   65   66   71   73   80   84   85   86   90   91   92   93
   96   99  105  109  111  113  116  117  120  121  122  123  125  126
  128  132  138  139  140  142  143  144  148  150  151  154  156  158
  159  160  168  171  174  175  177  179  180  181  183  186  187  193
  194  198  204  205  208  212  214  217  220  221  224  228  231  233
  234  240  241  244  245  246  249  250  254  255  256  257  261  265
  267  268  269  270  278  279  285  286  288  290  293  294  296  297
  298  301  302  303  307  310  312  313  314  315  318  319  320  323
  328  330  331  334  336  339  341  345  348  349  356  357  358  359
  365  368  369  370  371  372  374  378  380  381  385  389  393  394
  395  398  404  405  410  414  418  419  421  422  427  428  429  430
  431  435  443  446  448  449  450  454  455  462  465  468  469  470
  471  473  475  476  477  481  482  485  486  487  492  495  496  497
  498  502  506  513  514  515  516  519  520  522  523  524  526  527
  530  531  537  543  544  545  546  550  552  558  559  562  563  564
  566  567  569  570  572  573  575  577  580  583  584  589  590  593
  594  598  599  600  601  603  605  606  607  608  609  611  613  614
  616  617  618  619  620  621  625  626  627  628  629  630  633  636
  637  638  642  643  644  647  648  651  652  653  655  656  657  659
  661  662  664  666  669  671  672  673  674  675  677  679  680  682
  685  686  690  691  692  693  694  695  696  699  702  703  704  705
  707  710  711  713  715  718  723  725  726  727  728  729  730  731
  732  733  734  735  737  739  740  741  743  744  745  747  751  752
  753  754  757  758  759  760  761  762  763  764  769  771  772  773
  775  776  777  779  780  786  789  792  794  796  797  799  800  801
  802  803  804  805  808  809  810  811  812  813  814  815  818  819
  821  825  826  829  830  831  834  835  837  839  840  841  844  848
  869  870  872  875  876  883  885  888  890  892  893  896  897  900
  902  904  909  910  911  914  915  916  917  918  919  925  926  929
  932  934  936  938  939  942  947  948  952  954  956  959  962  964
  967  968  970  973  975  977  978  985  986  988  992  999 1000 1003
 1005 1006 1008 1009 1010 1012 1017 1018 1024 1025 1026 1028 1029 1030
 1032 1035 1039 1042 1043 1047 1049 1055 1060 1061 1062 1069 1071 1077
 1083 1086 1087 1088 1092 1093 1095 1097 1101 1102 1105 1108 1110 1112
 1120 1131 1134 1136 1138 1140 1145 1148 1154 1155 1156 1158 1159 1163
 1164 1165 1168 1171 1172 1173 1186 1187 1189 1191 1193 1196 1197 1199
 1200 1201 1202 1206 1208 1211 1218 1219 1224 1230 1233 1235 1237 1239
 1240 1241 1243 1251 1252 1256 1258 1261 1263 1267 1273 1277 1289 1294
 1298 1299 1300 1301 1306 1310 1318 1320 1322 1323 1325 1326 1328 1331
 1332 1336 1339 1342 1345 1348 1357 1365 1367 1368 1369 1378 1380 1383
 1385 1395 1398 1400 1406 1412 1413 1414 1422 1424 1432 1433 1435 1437
 1443 1444 1451 1452 1455 1459 1461 1469 1472 1485 1486 1487 1490 1497
 1504 1505 1508 1519 1520 1522 1523 1524 1525 1526 1527 1529 1530 1536
 1538 1539 1546 1552 1553 1558 1564 1566 1573 1576 1577 1583 1588 1591
 1597 1598 1603 1606 1609 1618 1623 1626 1635 1641 1647 1648 1650 1654
 1657 1659 1661 1662 1664 1666 1669 1671 1673 1678 1680 1685 1690 1691
 1699 1700 1702 1703 1707 1709 1712 1715 1717 1721 1722 1726 1729 1731
 1732 1733 1734 1737 1744 1746 1748 1749 1750 1752 1753 1755 1758 1761
 1766 1767 1772 1775 1776 1778 1784 1786 1790 1791 1795 1800 1801 1812
 1813 1817 1819 1822 1825 1827 1828 1829 1831 1832 1833 1838 1841 1842
 1844 1846 1849 1852 1853 1857 1858 1859 1860 1862 1868 1869 1878 1879
 1880 1881 1884 1887 1888 1889 1892 1894 1895 1896 1899 1902 1906 1910
 1914 1915 1918 1919 1922 1926 1927 1932 1937 1940 1942 1943 1944 1945
 1946 1950 1951 1954 1955 1956 1957 1958 1959 1961 1963 1964 1967 1969
 1971 1972 1973 1976 1977 1985 1986 1989 1990 1991 1994 1996 1998   44
  106  146  147  229  239  271  304  311  321  338  390  415  528  681
  717  860  880  924 1091 1115 1124 1143 1426]
[ 5  6  8 10 11 12 13 14 16]
Bicluster 8
[  15   21   25   31   37   39   40   42   45   48   50   52   54   61
   65   66   71   73   80   84   85   86   90   91   92   93   96   99
  105  109  111  113  116  117  120  121  122  123  125  126  128  132
  138  140  142  143  144  148  150  151  154  156  158  159  160  168
  171  174  175  177  179  180  181  183  186  187  193  194  198  204
  205  208  212  214  217  220  221  224  228  231  233  234  240  241
  244  245  246  249  250  254  255  256  257  261  265  267  268  269
  278  279  285  286  288  290  293  294  296  297  298  301  302  303
  307  310  312  313  314  315  318  319  320  323  327  328  330  331
  334  336  339  341  345  348  349  356  357  358  359  365  368  369
  370  371  372  374  378  380  381  385  389  393  394  395  398  404
  405  410  414  418  419  421  422  427  428  429  430  431  435  443
  446  448  449  450  454  455  462  465  468  469  470  471  473  475
  476  477  481  482  485  486  487  492  495  496  497  498  502  506
  513  514  515  516  519  520  522  523  524  526  527  530  531  537
  543  544  545  546  550  552  558  559  562  563  564  566  567  569
  570  572  573  575  577  580  583  584  589  590  593  594  598  599
  600  601  603  605  606  607  608  609  611  613  614  616  617  618
  619  620  621  625  626  627  628  629  630  633  636  637  638  642
  643  644  647  648  651  652  653  655  656  657  659  661  662  664
  666  669  671  672  673  674  675  677  679  680  682  685  686  690
  691  692  693  694  695  696  699  702  703  704  705  707  710  711
  713  715  718  723  725  726  727  728  729  730  731  732  733  734
  735  737  739  740  741  743  744  745  747  751  752  753  754  757
  758  759  760  761  762  763  764  769  771  772  773  775  776  777
  779  780  786  789  792  794  796  797  799  800  801  802  803  804
  805  808  809  810  811  812  813  814  815  818  819  821  825  826
  829  830  831  834  835  837  839  840  841  844  848  869  870  872
  875  876  883  885  888  890  892  893  896  897  900  902  904  909
  910  911  914  915  916  917  918  919  925  926  929  932  934  936
  938  939  942  947  948  952  954  956  959  962  964  967  968  970
  973  975  977  978  985  986  988  992  999 1000 1003 1005 1006 1008
 1009 1010 1012 1017 1018 1024 1025 1026 1028 1029 1030 1032 1035 1039
 1042 1043 1047 1049 1055 1060 1061 1062 1069 1071 1072 1077 1083 1086
 1087 1088 1092 1093 1095 1097 1101 1102 1105 1108 1110 1112 1120 1131
 1134 1136 1138 1140 1145 1148 1154 1155 1156 1158 1159 1163 1164 1165
 1168 1171 1172 1173 1186 1187 1189 1191 1193 1196 1197 1199 1200 1201
 1202 1206 1208 1211 1218 1219 1224 1230 1233 1235 1237 1239 1240 1241
 1243 1251 1252 1256 1258 1261 1263 1267 1273 1277 1289 1294 1298 1299
 1300 1301 1306 1310 1318 1320 1322 1323 1325 1326 1328 1331 1332 1336
 1339 1342 1345 1348 1357 1365 1367 1368 1369 1378 1380 1383 1385 1395
 1398 1400 1406 1412 1413 1414 1422 1424 1432 1433 1435 1437 1443 1444
 1451 1452 1455 1459 1461 1469 1472 1485 1486 1487 1490 1497 1504 1505
 1508 1519 1520 1522 1523 1524 1525 1526 1527 1529 1530 1536 1538 1539
 1546 1552 1553 1558 1564 1566 1573 1576 1577 1583 1588 1591 1597 1598
 1603 1606 1609 1618 1623 1626 1635 1641 1647 1648 1650 1654 1657 1659
 1661 1662 1664 1666 1669 1671 1673 1678 1680 1685 1690 1691 1699 1700
 1702 1703 1707 1709 1712 1715 1717 1721 1722 1726 1729 1731 1732 1733
 1734 1737 1744 1746 1748 1749 1750 1752 1753 1755 1758 1761 1766 1767
 1772 1775 1776 1778 1784 1786 1790 1791 1795 1800 1801 1812 1813 1817
 1819 1822 1825 1827 1828 1829 1831 1832 1833 1838 1841 1842 1844 1846
 1849 1852 1853 1857 1858 1859 1860 1862 1868 1869 1878 1879 1880 1881
 1884 1887 1888 1889 1892 1894 1895 1896 1899 1902 1906 1910 1914 1915
 1918 1919 1922 1926 1927 1932 1937 1940 1942 1943 1944 1945 1946 1950
 1951 1954 1955 1956 1957 1958 1959 1961 1963 1964 1967 1969 1971 1972
 1973 1976 1977 1985 1986 1989 1990 1991 1994 1996 1998   41   44  106
  110  139  146  147  229  239  270  271  304  311  338  390  415  528
  535  681  717  770  860  880  924  963  972 1091 1124 1143 1221 1605
 1777 1793 1920]
[ 6  8 10 11 12 13 14 16]
Bicluster 9
[  15   21   25   31   37   39   40   42   45   48   50   52   54   61
   65   66   71   73   80   84   85   86   90   91   92   93   96   99
  109  111  113  115  116  117  120  121  122  123  125  126  128  132
  138  140  142  143  144  148  150  151  154  156  158  159  160  168
  171  174  175  177  179  180  181  183  186  187  193  194  198  204
  205  208  212  214  217  220  221  224  228  231  233  234  240  241
  244  245  246  249  250  254  255  257  261  265  267  268  269  278
  279  285  286  288  290  293  294  296  297  298  301  302  303  307
  310  312  313  314  315  318  319  320  323  327  328  330  331  334
  336  338  341  345  348  349  356  357  358  359  365  368  369  370
  371  372  374  378  380  381  385  389  393  394  395  398  404  405
  410  414  418  419  421  422  427  428  429  430  431  435  443  446
  448  449  450  454  455  462  465  468  469  470  471  473  475  476
  477  481  482  485  486  487  492  495  496  497  498  502  506  513
  514  515  516  519  520  522  523  524  526  527  530  531  537  543
  544  545  546  550  552  558  559  562  563  564  566  567  569  570
  572  573  575  577  580  583  584  589  590  593  594  598  599  600
  601  603  605  606  607  608  609  611  613  614  616  617  618  619
  620  621  625  626  627  628  629  630  633  636  637  638  642  643
  644  647  648  651  652  653  655  656  657  659  661  662  664  666
  669  671  672  673  674  675  677  679  680  682  685  686  690  691
  692  693  694  695  696  699  702  703  704  705  707  710  711  713
  715  718  723  725  726  727  728  729  730  731  732  733  734  735
  737  739  740  741  743  744  745  747  751  752  753  754  757  758
  759  760  761  762  763  764  769  771  772  773  775  776  777  779
  780  786  789  792  794  796  797  799  800  801  802  803  804  805
  808  809  810  811  812  813  814  815  818  819  821  825  826  829
  830  831  834  835  837  839  840  841  844  848  869  870  872  875
  876  883  885  888  890  892  893  896  897  900  902  904  909  910
  911  914  915  916  917  918  919  925  926  929  932  934  936  938
  939  942  947  948  952  954  956  959  962  964  967  968  970  973
  975  977  978  985  986  988  992  999 1000 1003 1005 1006 1008 1009
 1010 1012 1017 1018 1024 1025 1026 1028 1029 1030 1032 1035 1039 1042
 1043 1047 1049 1055 1060 1061 1062 1069 1071 1072 1077 1083 1086 1087
 1088 1092 1093 1095 1097 1101 1102 1105 1108 1110 1112 1120 1131 1134
 1136 1138 1140 1145 1148 1154 1155 1156 1158 1159 1163 1164 1165 1168
 1171 1172 1173 1186 1187 1189 1191 1193 1196 1197 1199 1200 1201 1202
 1206 1208 1211 1218 1219 1224 1230 1233 1235 1237 1239 1240 1241 1243
 1251 1252 1256 1258 1261 1263 1267 1273 1277 1289 1294 1298 1299 1300
 1301 1306 1310 1318 1320 1322 1323 1325 1326 1328 1331 1332 1336 1339
 1342 1345 1348 1357 1365 1367 1368 1369 1378 1380 1383 1385 1395 1398
 1400 1406 1412 1413 1414 1422 1424 1432 1433 1435 1437 1443 1444 1451
 1452 1455 1459 1461 1469 1472 1485 1486 1487 1490 1497 1504 1505 1508
 1519 1520 1522 1523 1524 1525 1526 1527 1529 1530 1536 1538 1539 1546
 1552 1553 1558 1564 1566 1573 1577 1583 1588 1591 1597 1598 1603 1606
 1609 1618 1623 1626 1635 1641 1647 1648 1650 1654 1657 1659 1661 1662
 1664 1666 1669 1671 1673 1678 1680 1685 1690 1691 1699 1700 1702 1703
 1707 1709 1712 1715 1717 1721 1722 1726 1729 1731 1732 1733 1734 1737
 1744 1746 1748 1749 1750 1752 1753 1755 1758 1761 1766 1767 1772 1775
 1776 1778 1784 1786 1790 1791 1795 1800 1801 1812 1813 1817 1819 1822
 1825 1827 1828 1829 1831 1832 1833 1838 1841 1842 1844 1846 1849 1852
 1853 1857 1858 1859 1860 1862 1868 1869 1878 1879 1880 1881 1884 1887
 1888 1889 1892 1894 1895 1896 1899 1902 1906 1910 1914 1915 1918 1919
 1922 1926 1927 1932 1937 1940 1942 1943 1945 1946 1948 1950 1951 1952
 1954 1955 1956 1957 1958 1959 1961 1963 1964 1965 1967 1969 1971 1972
 1973 1976 1977 1985 1986 1989 1990 1991 1994 1996 1998   30   44  106
  139  146  147  229  270  271  272  304  311  321  390  415  528  681
  717  860  880  924 1091 1124 1143 1407 1426]
[ 5  6  8 10 11 12 13 14 16]
