ITERANTE N° 0
Step : Single node deletion
ITERANTE N° 1
Step : Single node deletion
Time taken to generated 5 biclusters : 2.0874619483947754
Bicluster 0
[   4    6    7    8   10   16   18   21   23   25   26   29   33   35
   36   37   39   40   42   43   45   47   50   52   54   55   61   62
   65   80   81   84   85   86   90   91   92   93   95   96   97   99
  100  105  108  109  110  111  113  120  121  122  123  125  128  132
  133  138  139  140  142  143  146  148  150  151  154  156  160  165
  171  172  174  175  177  178  180  193  194  204  205  206  207  208
  209  212  217  220  221  224  228  230  231  233  234  239  241  244
  246  249  250  251  256  257  261  263  265  268  269  270  278  279
  284  285  286  288  290  293  296  298  302  310  312  313  314  315
  319  320  324  328  330  331  339  341  345  348  356  357  358  359
  365  368  369  370  371  374  380  381  385  389  393  394  398  404
  405  410  414  418  419  421  422  428  429  430  431  435  446  448
  449  450  454  455  462  465  468  469  470  471  473  476  477  481
  482  485  486  487  489  492  495  496  498  506  513  514  515  516
  519  520  526  527  530  534  537  543  545  546  550  558  559  562
  563  566  569  572  573  580  584  589  590  593  598  600  601  603
  605  606  607  608  609  611  613  614  616  617  618  620  621  625
  627  628  629  630  633  636  637  638  642  643  644  647  651  652
  653  655  656  657  659  661  662  664  666  669  671  672  673  675
  677  679  680  682  691  692  693  694  695  699  704  705  707  710
  711  713  715  718  723  725  726  727  728  729  733  734  735  737
  739  740  741  744  745  751  752  753  754  757  758  759  761  762
  764  769  771  772  773  775  776  777  779  780  786  789  792  794
  799  800  801  803  804  805  808  809  810  811  812  813  814  818
  821  825  826  830  831  834  835  839  840  841  844  848  869  872
  883  890  892  893  896  897  900  904  909  910  911  914  916  917
  918  925  929  932  934  936  939  947  952  954  956  959  962  964
  967  968  970  973  974  978  986  988  990  999 1000 1003 1005 1006
 1008 1009 1010 1012 1017 1018 1024 1025 1028 1029 1030 1032 1035 1039
 1042 1043 1047 1055 1060 1061 1077 1083 1087 1088 1092 1095 1097 1101
 1102 1108 1112 1120 1131 1134 1136 1138 1140 1145 1148 1155 1156 1159
 1163 1164 1165 1168 1171 1172 1186 1187 1189 1191 1197 1199 1201 1202
 1211 1219 1224 1230 1233 1235 1239 1240 1241 1243 1252 1256 1258 1261
 1263 1273 1289 1294 1298 1299 1300 1301 1306 1310 1320 1322 1323 1325
 1326 1332 1339 1345 1348 1357 1365 1369 1383 1385 1395 1406 1412 1413
 1414 1422 1424 1432 1433 1435 1444 1452 1453 1455 1459 1460 1461 1464
 1469 1472 1485 1486 1487 1490 1497 1501 1504 1505 1508 1519 1520 1522
 1523 1524 1526 1529 1530 1534 1536 1538 1539 1546 1550 1552 1553 1558
 1573 1576 1577 1583 1588 1591 1597 1598 1599 1603 1606 1623 1626 1635
 1641 1642 1647 1648 1650 1653 1657 1659 1664 1671 1673 1678 1680 1685
 1690 1691 1699 1700 1702 1707 1709 1712 1715 1717 1721 1722 1726 1729
 1732 1733 1734 1737 1748 1749 1750 1752 1755 1761 1766 1767 1772 1775
 1776 1778 1784 1786 1790 1791 1795 1800 1801 1812 1813 1817 1819 1822
 1827 1831 1832 1833 1838 1841 1842 1846 1849 1852 1858 1860 1862 1868
 1869 1878 1879 1880 1881 1887 1888 1892 1894 1895 1896 1899 1902 1906
 1910 1911 1914 1915 1918 1919 1922 1926 1927 1929 1937 1940 1942 1943
 1944 1945 1946 1950 1951 1954 1955 1956 1957 1961 1963 1967 1971 1972
 1973 1976 1977 1982 1985 1986 1989 1990 1996   22   44  158  271  304
  338  443  528  594  867  880 1115 1124 1758 1764 1844 1857  837]
[ 3  5  6  8 10 11 12 13 14 16]
Bicluster 1
[   6    7   10   14   16   20   21   22   25   26   29   35   36   37
   39   40   42   43   44   45   47   50   52   54   55   61   62   65
   66   71   80   84   85   86   90   91   92   93   95   96   97   99
  100  105  109  110  111  113  120  121  122  123  125  128  132  133
  138  139  140  142  143  146  147  148  150  151  154  156  158  160
  165  171  172  174  175  177  178  180  193  194  204  205  206  207
  208  209  212  214  217  220  221  224  228  229  230  231  233  234
  239  240  241  244  245  246  249  250  251  255  256  257  261  263
  265  267  268  269  270  278  279  283  285  286  290  293  296  297
  298  301  302  303  304  310  312  313  314  315  319  320  321  324
  328  330  331  336  339  341  345  348  356  357  358  359  365  368
  369  370  371  374  380  381  384  385  389  393  394  398  404  405
  410  414  418  419  421  422  428  429  430  431  435  443  445  446
  448  449  450  454  455  462  465  468  469  470  471  473  476  481
  482  485  486  487  489  492  495  496  498  506  513  514  515  516
  519  520  526  527  528  530  534  537  543  545  546  550  552  558
  559  560  562  563  566  567  569  572  573  580  584  589  590  593
  598  600  601  603  605  606  607  608  609  611  613  614  616  617
  618  619  620  621  625  627  628  629  630  633  636  637  638  642
  643  644  647  648  651  652  653  655  656  657  659  661  662  664
  666  669  671  672  673  675  677  679  680  682  691  692  693  694
  695  699  703  704  705  707  710  711  713  715  718  723  725  726
  727  728  729  730  733  734  735  737  739  740  741  743  744  745
  751  752  753  754  757  758  759  761  762  764  769  771  772  773
  775  776  777  779  780  786  789  792  793  794  799  800  801  803
  805  808  809  810  811  812  813  814  815  818  821  825  826  830
  831  834  835  837  839  840  841  843  844  848  869  872  883  890
  892  893  896  897  900  904  909  910  911  914  916  917  918  925
  929  932  934  936  939  947  952  954  956  959  962  963  964  968
  970  973  974  978  986  988  990 1000 1003 1005 1006 1008 1009 1012
 1017 1018 1023 1024 1025 1028 1029 1030 1032 1035 1039 1042 1043 1047
 1055 1060 1061 1077 1083 1087 1088 1092 1095 1097 1101 1102 1108 1112
 1120 1131 1136 1138 1140 1145 1148 1155 1156 1159 1163 1164 1165 1168
 1171 1172 1186 1187 1189 1191 1197 1199 1201 1202 1211 1219 1224 1230
 1233 1235 1239 1240 1241 1243 1252 1256 1258 1261 1263 1273 1289 1290
 1294 1298 1299 1300 1301 1306 1310 1322 1323 1325 1326 1332 1339 1345
 1348 1357 1365 1369 1380 1383 1385 1398 1406 1412 1413 1414 1422 1424
 1432 1433 1435 1452 1453 1455 1459 1460 1461 1469 1472 1485 1486 1487
 1490 1497 1501 1504 1505 1519 1520 1522 1523 1526 1527 1529 1530 1534
 1536 1538 1539 1546 1550 1552 1553 1558 1564 1573 1576 1577 1583 1588
 1591 1596 1597 1598 1599 1603 1606 1623 1626 1635 1639 1641 1642 1647
 1648 1650 1653 1657 1659 1664 1671 1673 1678 1680 1685 1689 1690 1691
 1699 1700 1702 1707 1709 1712 1715 1717 1721 1722 1726 1729 1732 1733
 1734 1737 1744 1748 1749 1750 1752 1755 1756 1761 1764 1766 1767 1772
 1775 1776 1778 1779 1784 1786 1790 1791 1795 1801 1812 1813 1817 1819
 1822 1826 1827 1828 1829 1831 1832 1833 1837 1838 1841 1842 1844 1846
 1849 1852 1858 1860 1862 1868 1869 1870 1878 1879 1880 1881 1887 1888
 1892 1894 1895 1896 1899 1902 1906 1910 1911 1914 1915 1918 1919 1921
 1922 1926 1937 1940 1942 1943 1944 1945 1946 1950 1951 1954 1955 1956
 1957 1961 1963 1967 1971 1972 1973 1976 1977 1981 1982 1985 1986 1989
 1990 1996  271  338  594  702  867  880 1115 1124 1758 1857]
[ 3  5  6  8 10 11 12 13 14 16]
